# projectile, target, recoil, and ejectile masses
1875.612859 1875.612859 2808.391482 939.565379
#energy		legendre coeffs (6)								cross section
1.000000e+2	0.000000e+0 3.779300e-2 0.000000e+0 1.616600e-5 0.000000e+0 6.09700e-10		1.12310e-58
1.000000e+3	0.000000e+0 3.865800e-2 0.000000e+0 2.368100e-5 0.000000e+0 7.70920e-10		5.59880e-18
1.000000e+4	0.000000e+0 4.542600e-2 0.000000e+0 7.097100e-5 0.000000e+0 3.531600e-9		8.821600e-6
2.000000e+4	0.000000e+0 5.211900e-2 0.000000e+0 1.252100e-4 0.000000e+0 9.552700e-9		2.773400e-4
3.000000e+4	0.000000e+0 5.830300e-2 0.000000e+0 1.857500e-4 0.000000e+0 1.941800e-8		1.174700e-3
4.000000e+4	0.000000e+0 6.406800e-2 0.000000e+0 2.527400e-4 0.000000e+0 3.383800e-8		2.678500e-3
5.000000e+4	0.000000e+0 6.946000e-2 0.000000e+0 3.258400e-4 0.000000e+0 5.347400e-8		4.610500e-3
6.000000e+4	0.000000e+0 7.450800e-2 0.000000e+0 4.046600e-4 0.000000e+0 7.894400e-8		6.805000e-3
7.000000e+4	0.000000e+0 7.923700e-2 0.000000e+0 4.888000e-4 0.000000e+0 1.108200e-7		9.141800e-3
8.000000e+4	0.000000e+0 8.367000e-2 0.000000e+0 5.778500e-4 0.000000e+0 1.496500e-7		1.154100e-2
9.000000e+4	0.000000e+0 8.782900e-2 0.000000e+0 6.714700e-4 0.000000e+0 1.959200e-7		1.395000e-2
1.000000e+5	0.000000e+0 9.173100e-2 0.000000e+0 7.693300e-4 0.000000e+0 2.501300e-7		1.633900e-2
1.500000e+5	0.000000e+0 1.080200e-1 0.000000e+0 1.313300e-3 0.000000e+0 6.555200e-7		2.749500e-2
2.000000e+5	0.000000e+0 1.202200e-1 0.000000e+0 1.932200e-3 0.000000e+0 1.322000e-6		3.711300e-2
2.500000e+5	0.000000e+0 1.295900e-1 0.000000e+0 2.612500e-3 0.000000e+0 2.297600e-6		4.535800e-2
3.000000e+5	0.000000e+0 1.369700e-1 0.000000e+0 3.347300e-3 0.000000e+0 3.630500e-6		5.246300e-2
3.500000e+5	0.000000e+0 1.428900e-1 0.000000e+0 4.133100e-3 0.000000e+0 5.370400e-6		5.861800e-2
4.000000e+5	0.000000e+0 1.477400e-1 0.000000e+0 4.968200e-3 0.000000e+0 7.569600e-6		6.397000e-2
4.500000e+5	0.000000e+0 1.517600e-1 0.000000e+0 5.851700e-3 0.000000e+0 1.028300e-5		6.863500e-2
5.000000e+5	0.000000e+0 1.551300e-1 0.000000e+0 6.783100e-3 0.000000e+0 1.357000e-5		7.270900e-2
5.500000e+5	0.000000e+0 1.579800e-1 0.000000e+0 7.762200e-3 0.000000e+0 1.749000e-5		7.627000e-2
6.000000e+5	0.000000e+0 1.604100e-1 0.000000e+0 8.789100e-3 0.000000e+0 2.210700e-5		7.938400e-2
6.500000e+5	0.000000e+0 1.625000e-1 0.000000e+0 9.863400e-3 0.000000e+0 2.749000e-5		8.210700e-2
7.000000e+5	0.000000e+0 1.643100e-1 0.000000e+0 1.098500e-2 0.000000e+0 3.370800e-5		8.448800e-2
7.500000e+5	0.000000e+0 1.658700e-1 0.000000e+0 1.215400e-2 0.000000e+0 4.083500e-5		8.656700e-2
8.000000e+5	0.000000e+0 1.672200e-1 0.000000e+0 1.336900e-2 0.000000e+0 4.894500e-5		8.838200e-2
8.500000e+5	0.000000e+0 1.684000e-1 0.000000e+0 1.463100e-2 0.000000e+0 5.811800e-5		8.996300e-2
9.000000e+5	0.000000e+0 1.694200e-1 0.000000e+0 1.593800e-2 0.000000e+0 6.843400e-5		9.133900e-2
9.500000e+5	0.000000e+0 1.703200e-1 0.000000e+0 1.729100e-2 0.000000e+0 7.997900e-5		9.253300e-2
1.000000e+6	0.000000e+0 1.710900e-1 0.000000e+0 1.868700e-2 0.000000e+0 9.283700e-5		9.356600e-2
1.100000e+6	0.000000e+0 1.723600e-1 0.000000e+0 2.161000e-2 0.000000e+0 1.228500e-4		9.522300e-2
1.200000e+6	0.000000e+0 1.733200e-1 0.000000e+0 2.469700e-2 0.000000e+0 1.592200e-4		9.666700e-2
1.300000e+6	0.000000e+0 1.740400e-1 0.000000e+0 2.794100e-2 0.000000e+0 2.027000e-4		9.804100e-2
1.400000e+6	0.000000e+0 1.745900e-1 0.000000e+0 3.133100e-2 0.000000e+0 2.541100e-4		9.932700e-2
1.500000e+6	0.000000e+0 1.750100e-1 0.000000e+0 3.485700e-2 0.000000e+0 3.142800e-4		1.005200e-1
1.600000e+6	0.000000e+0 1.753400e-1 0.000000e+0 3.850600e-2 0.000000e+0 3.840700e-4		1.015340e-1
1.700000e+6	0.000000e+0 1.756200e-1 0.000000e+0 4.226700e-2 0.000000e+0 4.643500e-4		1.023968e-1
1.800000e+6	0.000000e+0 1.758800e-1 0.000000e+0 4.612800e-2 0.000000e+0 5.560400e-4		1.031570e-1
1.900000e+6	0.000000e+0 1.761300e-1 0.000000e+0 5.007800e-2 0.000000e+0 6.600500e-4		1.037877e-1
2.000000e+6	0.000000e+0 1.764100e-1 0.000000e+0 5.410400e-2 0.000000e+0 7.773400e-4		1.042460e-1
2.100000e+6	0.000000e+0 1.767100e-1 0.000000e+0 5.819600e-2 0.000000e+0 9.088600e-4		1.045501e-1
2.200000e+6	0.000000e+0 1.770700e-1 0.000000e+0 6.234300e-2 0.000000e+0 1.055600e-3		1.047226e-1
2.300000e+6	0.000000e+0 1.775000e-1 0.000000e+0 6.653300e-2 0.000000e+0 1.218500e-3		1.047980e-1
2.400000e+6	0.000000e+0 1.779900e-1 0.000000e+0 7.075600e-2 0.000000e+0 1.398500e-3		1.048037e-1
2.500000e+6	0.000000e+0 1.785600e-1 0.000000e+0 7.500400e-2 0.000000e+0 1.596800e-3		1.047620e-1
2.600000e+6	0.000000e+0 1.792200e-1 0.000000e+0 7.926800e-2 0.000000e+0 1.814200e-3		1.046789e-1
2.700000e+6	0.000000e+0 1.799800e-1 0.000000e+0 8.353800e-2 0.000000e+0 2.051900e-3		1.045479e-1
2.800000e+6	0.000000e+0 1.808200e-1 0.000000e+0 8.780700e-2 0.000000e+0 2.310700e-3		1.043696e-1
2.900000e+6	0.000000e+0 1.817700e-1 0.000000e+0 9.206900e-2 0.000000e+0 2.591800e-3		1.041449e-1
3.000000e+6	0.000000e+0 1.828100e-1 0.000000e+0 9.631500e-2 0.000000e+0 2.896000e-3		1.038750e-1
3.200000e+6	0.000000e+0 1.852000e-1 0.000000e+0 1.047400e-1 0.000000e+0 3.578300e-3		1.032679e-1
3.400000e+6	0.000000e+0 1.879900e-1 0.000000e+0 1.130300e-1 0.000000e+0 4.365200e-3		1.026180e-1
3.600000e+6	0.000000e+0 1.911500e-1 0.000000e+0 1.211600e-1 0.000000e+0 5.264400e-3		1.019301e-1
3.800000e+6	0.000000e+0 1.946900e-1 0.000000e+0 1.290800e-1 0.000000e+0 6.283200e-3		1.012087e-1
4.000000e+6	0.000000e+0 1.985600e-1 0.000000e+0 1.367700e-1 0.000000e+0 7.428000e-3		1.004580e-1
4.500000e+6	0.000000e+0 2.095200e-1 0.000000e+0 1.548000e-1 0.000000e+0 1.087900e-2		9.856301e-2
5.000000e+6	0.000000e+0 2.218200e-1 0.000000e+0 1.707800e-1 0.000000e+0 1.522400e-2		9.662100e-2
5.500000e+6	0.000000e+0 2.347500e-1 0.000000e+0 1.843200e-1 0.000000e+0 2.049200e-2		9.467628e-2
6.000000e+6	0.000000e+0 2.474800e-1 0.000000e+0 1.950100e-1 0.000000e+0 2.666700e-2		9.285400e-2
6.500000e+6	0.000000e+0 2.590300e-1 0.000000e+0 2.023800e-1 0.000000e+0 3.368900e-2		9.114510e-2
7.000000e+6	0.000000e+0 2.682900e-1 0.000000e+0 2.058900e-1 0.000000e+0 4.144800e-2		8.947300e-2
7.500000e+6	0.000000e+0 2.740300e-1 0.000000e+0 2.049800e-1 0.000000e+0 4.978400e-2		8.757754e-2
8.000000e+6	0.000000e+0 2.749900e-1 0.000000e+0 1.991700e-1 0.000000e+0 5.847000e-2		8.575200e-2
8.500000e+6	0.000000e+0 2.700900e-1 0.000000e+0 1.883700e-1 0.000000e+0 6.721400e-2		8.430948e-2
9.000000e+6	0.000000e+0 2.586900e-1 0.000000e+0 1.730500e-1 0.000000e+0 7.567800e-2		8.319300e-2
9.500000e+6	0.000000e+0 2.407600e-1 0.000000e+0 1.543900e-1 0.000000e+0 8.350000e-2		8.265900e-2
1.000000e+7	0.000000e+0 2.170100e-1 0.000000e+0 1.341900e-1 0.000000e+0 9.027900e-2		8.255900e-2