# projectile, target, recoil, and ejectile masses
938.272046 2808.921005 2808.391482 939.565379
#energy		legendre coeffs (6)								cross section
#1.019100e+6	 0.000000e+0  0.000000e+0 0.000000e+0 0.000000e+0 0.000000+0 0.000000e+0	0.000000e+0
1.019100e+6	 0.000000e+0  0.000000e+0 0.000000e+0 0.000000e+0 0.000000+0 0.000000e+0	2.343800e-2
1.020000e+6	 3.075100e-4  2.968800e-5 -3.578200e-8  1.38540e-11 -1.34800e-14  5.49100e-15	2.343800e-2
1.040000e+6	-2.921600e-3  9.098000e-4 -5.197600e-6  9.560800e-9 -1.83520e-11 -2.44720e-13	9.600000e-2
1.060000e+6	-7.660700e-3  2.051600e-3 -1.605300e-5  4.038600e-8 -1.14290e-10 -2.35580e-13	1.225700e-1
1.080000e+6	-1.296100e-2  3.425400e-3 -3.210000e-5  9.659100e-8 -3.46920e-10  5.86510e-13	1.395400e-1
1.100000e+6	-1.862000e-2  5.021600e-3 -5.331300e-5  1.817300e-7 -7.78590e-10  2.89720e-12	1.520100e-1
1.120000e+6	-2.451500e-2  6.831200e-3 -7.970700e-5  2.992700e-7 -1.475800e-9  7.51930e-12	1.619700e-1
1.140000e+6	-3.055300e-2  8.841900e-3 -1.112600e-4  4.529000e-7 -2.508500e-9  1.54170e-11	1.704500e-1
1.160000e+6	-3.665300e-2  1.103700e-2 -1.478700e-4  6.469700e-7 -3.948500e-9  2.76830e-11	1.780600e-1
1.180000e+6	-4.274100e-2  1.339400e-2 -1.893500e-4  8.869200e-7 -5.867800e-9  4.55160e-11	1.851900e-1
1.200000e+6	-4.875200e-2  1.588600e-2 -2.354500e-4  1.179800e-6 -8.337600e-9  7.02040e-11	1.921000e-1
1.220000e+6	-5.462500e-2  1.848100e-2 -2.858400e-4  1.534800e-6 -1.142600e-8  1.03090e-10	1.989800e-1
1.240000e+6	-6.031300e-2  2.114300e-2 -3.401400e-4  1.963600e-6 -1.520000e-8  1.45580e-10	2.059400e-1
1.260000e+6	-6.577700e-2  2.383600e-2 -3.979400e-4  2.480700e-6 -1.972200e-8  1.99080e-10	2.130800e-1
1.280000e+6	-7.099200e-2  2.652400e-2 -4.588600e-4  3.103800e-6 -2.505200e-8  2.65060e-10	2.204100e-1
1.300000e+6	-7.594400e-2  2.917300e-2 -5.225400e-4  3.853400e-6 -3.125400e-8  3.45010e-10	2.279600e-1
1.320000e+6	-8.063100e-2  3.175200e-2 -5.886900e-4  4.753000e-6 -3.839000e-8  4.40490e-10	2.357100e-1
1.340000e+6	-8.506300e-2  3.423800e-2 -6.571200e-4  5.828200e-6 -4.652900e-8  5.53160e-10	2.436000e-1
1.360000e+6	-8.925700e-2  3.661300e-2 -7.277300e-4  7.106600e-6 -5.574900e-8  6.84840e-10	2.515800e-1
1.380000e+6	-9.323900e-2  3.886500e-2 -8.005100e-4  8.617000e-6 -6.613700e-8  8.37480e-10	2.595900e-1
1.400000e+6	-9.703600e-2  4.099300e-2 -8.755500e-4  1.038800e-5 -7.779400e-8  1.013300e-9	2.675300e-1
1.420000e+6	-1.006800e-1  4.299700e-2 -9.530000e-4  1.245000e-5 -9.083100e-8  1.214700e-9	2.753400e-1
1.440000e+6	-1.042000e-1  4.488600e-2 -1.033100e-3  1.483100e-5 -1.053800e-7  1.444500e-9	2.829500e-1
1.460000e+6	-1.076200e-1  4.667300e-2 -1.116100e-3  1.755800e-5 -1.215700e-7  1.705500e-9	2.902900e-1
1.480000e+6	-1.109600e-1  4.837300e-2 -1.202300e-3  2.065600e-5 -1.395700e-7  2.001100e-9	2.973100e-1
1.500000e+6	-1.142600e-1  5.000400e-2 -1.291900e-3  2.415100e-5 -1.595400e-7  2.334800e-9	3.039700e-1
1.550000e+6	-1.223400e-1  5.390400e-2 -1.532500e-3  3.475900e-5 -2.192400e-7  3.360900e-9	3.189800e-1
1.600000e+6	-1.302900e-1  5.778200e-2 -1.798700e-3  4.825800e-5 -2.952700e-7  4.713200e-9	3.317500e-1
1.650000e+6	-1.380700e-1  6.188800e-2 -2.090600e-3  6.484600e-5 -3.906400e-7  6.461000e-9	3.427100e-1
1.700000e+6	-1.455900e-1  6.640400e-2 -2.406000e-3  8.463500e-5 -5.082900e-7  8.675300e-9	3.524800e-1
1.750000e+6	-1.527100e-1  7.144100e-2 -2.740700e-3  1.076600e-4 -6.509300e-7  1.142700e-8	3.616900e-1
1.800000e+6	-1.592700e-1  7.704200e-2 -3.088600e-3  1.338800e-4 -8.210300e-7  1.478300e-8	3.708400e-1
1.850000e+6	-1.651700e-1  8.319300e-2 -3.442900e-3  1.632000e-4 -1.020800e-6  1.881200e-8	3.803200e-1
1.900000e+6	-1.703400e-1  8.983800e-2 -3.796400e-3  1.955100e-4 -1.252200e-6  2.358200e-8	3.903600e-1
1.950000e+6	-1.747700e-1  9.688500e-2 -4.142700e-3  2.306700e-4 -1.517100e-6  2.916700e-8	4.010600e-1
2.000000e+6	-1.784500e-1  1.042300e-1 -4.476500e-3  2.685600e-4 -1.817700e-6  3.564900e-8	4.124200e-1
2.100000e+6	-1.838600e-1  1.193200e-1 -5.092200e-3  3.522700e-4 -2.535700e-6  5.173200e-8	4.367100e-1
2.200000e+6	-1.872100e-1  1.342400e-1 -5.631700e-3  4.466100e-4 -3.431700e-6  7.292500e-8	4.618400e-1
2.300000e+6	-1.892400e-1  1.483100e-1 -6.105800e-3  5.525100e-4 -4.543200e-6  1.008000e-7	4.860300e-1
2.400000e+6	-1.905800e-1  1.611400e-1 -6.539400e-3  6.717400e-4 -5.921200e-6  1.375000e-7	5.076200e-1
2.500000e+6	-1.916500e-1  1.725300e-1 -6.963400e-3  8.066500e-4 -7.630800e-6  1.857200e-7	5.254100e-1
2.600000e+6	-1.926900e-1  1.824800e-1 -7.408600e-3  9.599200e-4 -9.750600e-6  2.487700e-7	5.388000e-1
2.700000e+6	-1.938300e-1  1.910900e-1 -7.901600e-3  1.134400e-3 -1.237200e-5  3.305200e-7	5.477200e-1
2.800000e+6	-1.950900e-1  1.984700e-1 -8.465100e-3  1.332900e-3 -1.559900e-5  4.354800e-7	5.524900e-1
2.900000e+6	-1.964500e-1  2.047700e-1 -9.116800e-3  1.558500e-3 -1.954800e-5  5.688100e-7	5.536300e-1
3.000000e+6	-1.979000e-1  2.101500e-1 -9.871100e-3  1.813900e-3 -2.435200e-5  7.363500e-7	5.517500e-1
3.100000e+6	-1.993800e-1  2.147400e-1 -1.073900e-2  2.102100e-3 -3.015300e-5  9.447100e-7	5.474400e-1
3.200000e+6	-2.008600e-1  2.186500e-1 -1.173000e-2  2.425900e-3 -3.711000e-5  1.201300e-6	5.412300e-1
3.300000e+6	-2.023400e-1  2.220000e-1 -1.285000e-2  2.788400e-3 -4.539800e-5  1.514600e-6	5.335900e-1
3.400000e+6	-2.037700e-1  2.248700e-1 -1.410400e-2  3.192300e-3 -5.520400e-5  1.893700e-6	5.249100e-1
3.500000e+6	-2.051600e-1  2.273500e-1 -1.549800e-2  3.640700e-3 -6.673000e-5  2.349100e-6	5.154900e-1
3.600000e+6	-2.064900e-1  2.295100e-1 -1.703300e-2  4.136400e-3 -8.019200e-5  2.892100e-6	5.055800e-1
3.700000e+6	-2.077600e-1  2.314100e-1 -1.871200e-2  4.682300e-3 -9.581900e-5  3.535400e-6	4.953900e-1
3.800000e+6	-2.089800e-1  2.331000e-1 -2.053400e-2  5.281200e-3 -1.138500e-4  4.292700e-6	4.850700e-1
3.900000e+6	-2.101300e-1  2.346300e-1 -2.250000e-2  5.935900e-3 -1.345300e-4  5.179100e-6	4.747500e-1
4.000000e+6	-2.112300e-1  2.360200e-1 -2.460700e-2  6.648800e-3 -1.581200e-4  6.211000e-6	4.645200e-1
4.500000e+6	-2.158500e-1  2.417700e-1 -3.713600e-2  1.116600e-2 -3.287300e-4  1.422100e-5	4.169700e-1
5.000000e+6	-2.188700e-1  2.460400e-1 -5.237200e-2  1.739800e-2 -6.085400e-4  2.912200e-5	3.779300e-1
5.500000e+6	-2.202100e-1  2.487900e-1 -6.934600e-2  2.542100e-2 -1.014700e-3  5.460400e-5	3.422800e-1
6.000000e+6	-2.169500e-1  2.496200e-1 -8.497700e-2  3.479200e-2 -1.555000e-3  9.549000e-5	3.115400e-1
6.500000e+6	-2.072900e-1  2.406500e-1 -9.738700e-2  4.470500e-2 -2.176800e-3  1.580900e-4	2.837900e-1
7.000000e+6	-1.912000e-1  2.247700e-1 -1.054600e-1  5.437600e-2 -2.782100e-3  2.525700e-4	2.619600e-1
8.000000e+6	-1.431500e-1  1.874100e-1 -1.098100e-1  7.104200e-2 -3.551900e-3  6.067000e-4	2.249700e-1
9.000000e+6	-8.433200e-2  1.564900e-1 -1.054200e-1  8.360200e-2 -3.225100e-3  1.375000e-3	1.970600e-1
1.000000e+7	-2.648400e-2  1.373000e-1 -9.903000e-2  9.338000e-2 -1.343200e-3  2.884000e-3	1.759100e-1
1.100000e+7	 2.154600e-2  1.302900e-1 -9.335700e-2  1.025800e-1  2.211500e-3  5.429800e-3	1.590400e-1
1.200000e+7	 5.384100e-2  1.325900e-1 -8.836700e-2  1.135300e-1  6.810000e-3  9.038400e-3	1.449300e-1